,T,P_mean,P_std,P_ideal,T_actual_mean,P_error_mean,Volume,N_particles,Collision_rate
0,100.0,1345.0552053027154,2.3535411378669126e-13,1380.0,100.04618316890166,2.5322314998032303,1e-21,1000,3500000000000.0
1,144.44444444444446,1897.553319256302,2.3535411378669126e-13,1993.3333333333337,144.51115346619125,4.805017428613626,1e-21,1000,4140000000000.0
2,188.88888888888889,2512.4971361911494,0.0,2606.666666666667,188.9761237634808,3.6126418340991404,1e-21,1000,4740000000000.0
3,233.33333333333331,3096.820077818695,0.0,3220.0,233.44109406077044,3.8254634217796535,1e-21,1000,5260000000000.0
4,277.77777777777777,3660.6419593600813,4.707082275733825e-13,3833.333333333334,277.9060643580602,4.504992364519634,1e-21,1000,5720000000000.0
5,322.22222222222223,4326.489122370893,9.41416455146765e-13,4446.666666666667,322.3710346553497,2.702643424942447,1e-21,1000,6300000000000.0
6,366.66666666666663,4986.053626601594,0.0,5060.000000000001,366.8360049526392,1.4613907786246372,1e-21,1000,6790000000000.0
7,411.1111111111111,5589.657702469904,9.41416455146765e-13,5673.333333333334,411.300975249929,1.4748936109887838,1e-21,1000,7100000000000.0
8,455.55555555555554,6172.277908478269,1.88283291029353e-12,6286.666666666668,455.76594554721856,1.8195454642905482,1e-21,1000,7440000000000.0
9,500.0,6808.55570929934,0.0,6900.000000000001,500.23091584450844,1.3252795753718916,1e-21,1000,7870000000000.0
