,T,P_mean,P_std,P_ideal,T_actual_mean,P_error_mean,Volume,N_particles,Collision_rate
0,100.0,1345.0552053027154,2.3535411378669126e-13,1380.0,100.04618316890166,2.5322314998032303,1e-21,1000,3490000000000.0
1,144.44444444444446,1897.553319256302,2.3535411378669126e-13,1993.3333333333337,144.51115346619125,4.805017428613626,1e-21,1000,4110000000000.0
2,188.88888888888889,2512.4971361911494,0.0,2606.666666666667,188.9761237634808,3.6126418340991404,1e-21,1000,4700000000000.0
3,233.33333333333331,3101.6149443921336,9.41416455146765e-13,3220.0,233.44109406077044,3.6765545219834292,1e-21,1000,5230000000000.0
4,277.77777777777777,3665.873587698175,1.4121246827201475e-12,3833.333333333334,277.9060643580602,4.368515103525884,1e-21,1000,5680000000000.0
5,322.22222222222223,4325.213577295703,9.41416455146765e-13,4446.666666666667,322.3710346553497,2.7313288464234855,1e-21,1000,6240000000000.0
6,366.66666666666663,4980.869568460884,9.41416455146765e-13,5060.000000000001,366.8360049526392,1.5638425205359112,1e-21,1000,6710000000000.0
7,411.1111111111111,5584.149856735797,1.88283291029353e-12,5673.333333333334,411.300975249929,1.5719766732820903,1e-21,1000,7020000000000.0
8,455.55555555555554,6166.5086362089505,0.0,6286.666666666668,455.76594554721856,1.9113154367611451,1e-21,1000,7360000000000.0
9,500.0,6836.492160541788,1.88283291029353e-12,6900.000000000001,500.23091584450844,0.9204034704088884,1e-21,1000,7800000000000.0
