,T,P_mean,P_std,P_ideal,T_actual_mean,P_error_mean,Volume,N_particles,Collision_rate
0,100.0,879.0028503093556,2.3535411378669126e-13,1380.0,100.05837420643645,36.304141281930754,1e-21,1000,2000000000000.0
1,144.44444444444446,1056.4299493564592,0.0,1993.3333333333337,144.52542834480116,47.00184200552881,1e-21,1000,2000000000000.0
2,188.88888888888889,1884.2542039292355,4.707082275733825e-13,2606.666666666667,188.99195053586348,27.714033097343915,1e-21,1000,3000000000000.0
3,233.33333333333331,3207.4920868517197,9.41416455146765e-13,3220.0,233.45805676932747,0.38844450771056815,1e-21,1000,4000000000000.0
4,277.77777777777777,3499.6607807071127,4.707082275733825e-13,3833.333333333334,277.92386005865643,8.704501372857944,1e-21,1000,4000000000000.0
5,322.22222222222223,3769.250014634562,9.41416455146765e-13,4446.666666666667,322.38944683588863,15.234257541951388,1e-21,1000,4000000000000.0
6,366.66666666666663,4978.099205497065,0.0,5060.000000000001,366.85487890983234,1.6185927767378685,1e-21,1000,5000000000000.0
7,411.1111111111111,6122.964639445481,1.88283291029353e-12,5673.333333333334,411.32019960818366,7.925346171189434,1e-21,1000,6000000000000.0
8,455.55555555555554,6445.443676699885,9.41416455146765e-13,6286.666666666668,455.7853371870916,2.5256152179196802,1e-21,1000,6000000000000.0
9,500.0,7756.36321035236,2.824249365440295e-12,6900.000000000001,500.25030781108484,12.4110610195994,1e-21,1000,7000000000000.0
